B = imread('garfiks.png');
image(B)
>> hold on
>> [x,y] = ginput(69)

x =

    3.8906
   29.5081
   34.7823
   37.7961
   40.0565
   42.3168
   43.8237
   48.3445
   49.0979
   58.1394
   58.8929
   61.9067
   76.9758
   78.4827
   80.7431
   86.0173
   89.0311
   93.5518
   98.8260
  107.1141
  116.9090
  124.4435
  134.9919
  144.0334
  153.8283
  164.3767
  174.1717
  183.2131
  189.9942
  199.0357
  211.0910
  223.1463
  237.4620
  251.7776
  262.3260
  270.6141
  271.3675
  272.8744
  273.6279
  274.3813
  275.1348
  275.8882
  277.3952
  278.1486
  278.9021
  279.6555
  281.1624
  281.9159
  282.6694
  283.4228
  283.4228
  284.1763
  285.6832
  287.1901
  288.6970
  290.2039
  291.7108
  293.9712
  294.7247
  297.7385
  297.7385
  299.9988
  301.5058
  303.0127
  305.2730
  307.5334
  310.5472
  311.3007
  312.0541


y =

  216.2755
  215.0044
  212.4621
  209.9198
  206.1064
  200.3863
  187.6749
  171.7857
  162.2522
   16.7070
    9.0802
    3.3601
  129.8382
  140.0073
  157.8032
  174.3280
  181.3192
  183.8615
  180.6837
  163.5233
  143.1851
  118.3980
  100.6020
   89.7974
   85.3484
   89.7974
  107.5933
  124.7536
  143.1851
  158.4388
  178.1414
  192.1239
  203.5641
  209.2843
  212.4621
  213.0977
  213.7332
  213.7332
  213.7332
  213.7332
  213.7332
  213.7332
  213.7332
  213.7332
  213.7332
  213.7332
  213.7332
  213.7332
  213.7332
  213.7332
  213.7332
  213.7332
  214.3688
  215.0044
  215.0044
  214.3688
  214.3688
  215.0044
  215.0044
  215.6399
  215.6399
  215.6399
  215.0044
  215.0044
  215.0044
  214.3688
  215.0044
  215.0044
  215.0044

>> plot(x,y)
>> hold off
>> plot(x,y)
>> set(gca,'ydir','normal')
>> plot(x,y)
>> set(gca,'ydir','normal')
>> plot(x,y)
>> mkdir lab1
